Unit test for BundlePolynomialContinuityConstraint...

Test a default constraint...

BundlePolynomialContinuityConstraint status...

Number of position segements:  0
Number of position coefficients:  0

Number of pointing segements:  0
Number of pointing coefficients:  0

Number of constraint equations:  0

Normals ck matrix: 

Normals spk matrix: 

Right hand side vector: 
(  )

Test a constraint for an actual image...

Test cube:  "$lro/testData/M111607830RE_crop.cub"

BundlePolynomialContinuityConstraint status...

Number of position segements:  3
Number of position coefficients:  3

Number of pointing segements:  3
Number of pointing coefficients:  3

Number of constraint equations:  24

Normals ck matrix: 
 New Column Start Column =  0 
 key =  0 
    1e+10        -2.6761547e+09        7.1618039e+08           0           0           0           0           0           0           
    -2.6761547e+09        1.071618e+10        -5.5439703e+09           0           0           0           0           0           0           
    7.1618039e+08        -5.5439703e+09        2.916013e+09           0           0           0           0           0           0           
       0           0           0        1e+10        -2.6761547e+09        7.1618039e+08           0           0           0           
       0           0           0        -2.6761547e+09        1.071618e+10        -5.5439703e+09           0           0           0           
       0           0           0        7.1618039e+08        -5.5439703e+09        2.916013e+09           0           0           0           
       0           0           0           0           0           0        1e+10        -2.6761547e+09        7.1618039e+08           
       0           0           0           0           0           0        -2.6761547e+09        1.071618e+10        -5.5439703e+09           
       0           0           0           0           0           0        7.1618039e+08        -5.5439703e+09        2.916013e+09           
       
    New Column    Start Column =        0       
    key =        0       
    -1e+10        2.6761547e+09        -7.1618039e+08           0           0           0           0           0           0           
    2.6761547e+09        -1.071618e+10        5.5439703e+09           0           0           0           0           0           0           
    -7.1618039e+08        5.5439703e+09        -2.916013e+09           0           0           0           0           0           0           
       0           0           0        -1e+10        2.6761547e+09        -7.1618039e+08           0           0           0           
       0           0           0        2.6761547e+09        -1.071618e+10        5.5439703e+09           0           0           0           
       0           0           0        -7.1618039e+08        5.5439703e+09        -2.916013e+09           0           0           0           
       0           0           0           0           0           0        -1e+10        2.6761547e+09        -7.1618039e+08           
       0           0           0           0           0           0        2.6761547e+09        -1.071618e+10        5.5439703e+09           
       0           0           0           0           0           0        -7.1618039e+08        5.5439703e+09        -2.916013e+09           
       
    key =        1       
    2e+10        2.21892e+09        3.112356e+09           0           0           0           0           0           0           
    2.21892e+09        2.3112356e+10        5.4191248e+09           0           0           0           0           0           0           
    3.112356e+09        5.4191248e+09        1.3074881e+10           0           0           0           0           0           0           
       0           0           0        2e+10        2.21892e+09        3.112356e+09           0           0           0           
       0           0           0        2.21892e+09        2.3112356e+10        5.4191248e+09           0           0           0           
       0           0           0        3.112356e+09        5.4191248e+09        1.3074881e+10           0           0           0           
       0           0           0           0           0           0        2e+10        2.21892e+09        3.112356e+09           
       0           0           0           0           0           0        2.21892e+09        2.3112356e+10        5.4191248e+09           
       0           0           0           0           0           0        3.112356e+09        5.4191248e+09        1.3074881e+10           
       
    New Column    Start Column =        0       
    key =        1       
    -1e+10        -4.8950746e+09        -2.3961756e+09           0           0           0           0           0           0           
    -4.8950746e+09        -1.2396176e+10        -1.0963095e+10           0           0           0           0           0           0           
    -2.3961756e+09        -1.0963095e+10        -1.0158868e+10           0           0           0           0           0           0           
       0           0           0        -1e+10        -4.8950746e+09        -2.3961756e+09           0           0           0           
       0           0           0        -4.8950746e+09        -1.2396176e+10        -1.0963095e+10           0           0           0           
       0           0           0        -2.3961756e+09        -1.0963095e+10        -1.0158868e+10           0           0           0           
       0           0           0           0           0           0        -1e+10        -4.8950746e+09        -2.3961756e+09           
       0           0           0           0           0           0        -4.8950746e+09        -1.2396176e+10        -1.0963095e+10           
       0           0           0           0           0           0        -2.3961756e+09        -1.0963095e+10        -1.0158868e+10           
       
    key =        2       
    1e+10        4.8950746e+09        2.3961756e+09           0           0           0           0           0           0           
    4.8950746e+09        1.2396176e+10        1.0963095e+10           0           0           0           0           0           0           
    2.3961756e+09        1.0963095e+10        1.0158868e+10           0           0           0           0           0           0           
       0           0           0        1e+10        4.8950746e+09        2.3961756e+09           0           0           0           
       0           0           0        4.8950746e+09        1.2396176e+10        1.0963095e+10           0           0           0           
       0           0           0        2.3961756e+09        1.0963095e+10        1.0158868e+10           0           0           0           
       0           0           0           0           0           0        1e+10        4.8950746e+09        2.3961756e+09           
       0           0           0           0           0           0        4.8950746e+09        1.2396176e+10        1.0963095e+10           
       0           0           0           0           0           0        2.3961756e+09        1.0963095e+10        1.0158868e+10           
       


Normals spk matrix: 
 New Column Start Column =  0 
 key =  0 
    1e+10        -2.3640787e+09        5.5888682e+08           0           0           0           0           0           0           
    -2.3640787e+09        1.0558887e+10        -4.8602827e+09           0           0           0           0           0           0           
    5.5888682e+08        -4.8602827e+09        2.2667827e+09           0           0           0           0           0           0           
       0           0           0        1e+10        -2.3640787e+09        5.5888682e+08           0           0           0           
       0           0           0        -2.3640787e+09        1.0558887e+10        -4.8602827e+09           0           0           0           
       0           0           0        5.5888682e+08        -4.8602827e+09        2.2667827e+09           0           0           0           
       0           0           0           0           0           0        1e+10        -2.3640787e+09        5.5888682e+08           
       0           0           0           0           0           0        -2.3640787e+09        1.0558887e+10        -4.8602827e+09           
       0           0           0           0           0           0        5.5888682e+08        -4.8602827e+09        2.2667827e+09           
       
    New Column    Start Column =        0       
    key =        0       
    -1e+10        2.3640787e+09        -5.5888682e+08           0           0           0           0           0           0           
    2.3640787e+09        -1.0558887e+10        4.8602827e+09           0           0           0           0           0           0           
    -5.5888682e+08        4.8602827e+09        -2.2667827e+09           0           0           0           0           0           0           
       0           0           0        -1e+10        2.3640787e+09        -5.5888682e+08           0           0           0           
       0           0           0        2.3640787e+09        -1.0558887e+10        4.8602827e+09           0           0           0           
       0           0           0        -5.5888682e+08        4.8602827e+09        -2.2667827e+09           0           0           0           
       0           0           0           0           0           0        -1e+10        2.3640787e+09        -5.5888682e+08           
       0           0           0           0           0           0        2.3640787e+09        -1.0558887e+10        4.8602827e+09           
       0           0           0           0           0           0        -5.5888682e+08        4.8602827e+09        -2.2667827e+09           
       
    key =        1       
    2e+10        -1.7410157e+08        1.0384868e+09           0           0           0           0           0           0           
    -1.7410157e+08        2.1038487e+10        -3.7529708e+08           0           0           0           0           0           0           
    1.0384868e+09        -3.7529708e+08        4.2081843e+09           0           0           0           0           0           0           
       0           0           0        2e+10        -1.7410157e+08        1.0384868e+09           0           0           0           
       0           0           0        -1.7410157e+08        2.1038487e+10        -3.7529708e+08           0           0           0           
       0           0           0        1.0384868e+09        -3.7529708e+08        4.2081843e+09           0           0           0           
       0           0           0           0           0           0        2e+10        -1.7410157e+08        1.0384868e+09           
       0           0           0           0           0           0        -1.7410157e+08        2.1038487e+10        -3.7529708e+08           
       0           0           0           0           0           0        1.0384868e+09        -3.7529708e+08        4.2081843e+09           
       
    New Column    Start Column =        0       
    key =        1       
    -1e+10        -2.1899771e+09        -4.7959999e+08           0           0           0           0           0           0           
    -2.1899771e+09        -1.04796e+10        -4.4849856e+09           0           0           0           0           0           0           
    -4.7959999e+08        -4.4849856e+09        -1.9414016e+09           0           0           0           0           0           0           
       0           0           0        -1e+10        -2.1899771e+09        -4.7959999e+08           0           0           0           
       0           0           0        -2.1899771e+09        -1.04796e+10        -4.4849856e+09           0           0           0           
       0           0           0        -4.7959999e+08        -4.4849856e+09        -1.9414016e+09           0           0           0           
       0           0           0           0           0           0        -1e+10        -2.1899771e+09        -4.7959999e+08           
       0           0           0           0           0           0        -2.1899771e+09        -1.04796e+10        -4.4849856e+09           
       0           0           0           0           0           0        -4.7959999e+08        -4.4849856e+09        -1.9414016e+09           
       
    key =        2       
    1e+10        2.1899771e+09        4.7959999e+08           0           0           0           0           0           0           
    2.1899771e+09        1.04796e+10        4.4849856e+09           0           0           0           0           0           0           
    4.7959999e+08        4.4849856e+09        1.9414016e+09           0           0           0           0           0           0           
       0           0           0        1e+10        2.1899771e+09        4.7959999e+08           0           0           0           
       0           0           0        2.1899771e+09        1.04796e+10        4.4849856e+09           0           0           0           
       0           0           0        4.7959999e+08        4.4849856e+09        1.9414016e+09           0           0           0           
       0           0           0           0           0           0        1e+10        2.1899771e+09        4.7959999e+08           
       0           0           0           0           0           0        2.1899771e+09        1.04796e+10        4.4849856e+09           
       0           0           0           0           0           0        4.7959999e+08        4.4849856e+09        1.9414016e+09           
       


Right hand side vector: 
( 5.855937886293724e-04, -5.287916686464128e-05, -7.725962342578596e-06, -0.00180090182133261, 1.745745864022426e-04, 1.810841604788211e-05, 0.00294193516119437, 1.93807456283845e-05, -1.735843998932815e-04, -2.780862867724724e-04, 7.644875750743304e-05, 3.301275808972003e-06, 0.00141202350647466, 7.548194866677466e-05, 1.100658071118943e-04, -0.00200824843950634, -7.504592050238781e-04, -1.914042384109673e-04, -3.075075018569001e-04, -2.356959064279177e-05, 4.424686533606593e-06, 3.888783148579475e-04, -2.500565350690172e-04, -1.281742231597764e-04, -9.336867216880318e-04, 7.310784593954936e-04, 3.649886383042488e-04, 1.043796159802633e-05, -4.685428292773142e-06, 1.760239832344554e-06, 3.314986258857056e-06, -2.154201243737607e-06, 9.155823334326418e-07, -6.478639493775291e-06, 2.543632340064139e-06, -8.974432639066238e-07, -4.725571401743324e-06, 1.002549527994671e-05, 2.098976480815134e-06, -5.451609927647084e-06, 2.574555922515537e-06, 7.923717386316816e-09, 1.293120731343409e-06, -5.886291085850599e-06, -1.132528208635874e-06, -5.712390196283001e-06, -5.340066987173567e-06, -3.859216313159687e-06, 2.136623668790028e-06, -4.203546787779296e-07, -9.235060508189585e-07, 5.185518762431882e-06, 3.342658745786461e-06, 2.029971472542498e-06 )

Test with 1 position segment...

BundlePolynomialContinuityConstraint status...

Number of position segements:  1
Number of position coefficients:  2

Number of pointing segements:  3
Number of pointing coefficients:  3

Number of constraint equations:  12

Normals ck matrix: 
 New Column Start Column =  0 
 key =  0 
    1e+10        -2.6761547e+09        7.1618039e+08           0           0           0           0           0           0           
    -2.6761547e+09        1.071618e+10        -5.5439703e+09           0           0           0           0           0           0           
    7.1618039e+08        -5.5439703e+09        2.916013e+09           0           0           0           0           0           0           
       0           0           0        1e+10        -2.6761547e+09        7.1618039e+08           0           0           0           
       0           0           0        -2.6761547e+09        1.071618e+10        -5.5439703e+09           0           0           0           
       0           0           0        7.1618039e+08        -5.5439703e+09        2.916013e+09           0           0           0           
       0           0           0           0           0           0        1e+10        -2.6761547e+09        7.1618039e+08           
       0           0           0           0           0           0        -2.6761547e+09        1.071618e+10        -5.5439703e+09           
       0           0           0           0           0           0        7.1618039e+08        -5.5439703e+09        2.916013e+09           
       
    New Column    Start Column =        0       
    key =        0       
    -1e+10        2.6761547e+09        -7.1618039e+08           0           0           0           0           0           0           
    2.6761547e+09        -1.071618e+10        5.5439703e+09           0           0           0           0           0           0           
    -7.1618039e+08        5.5439703e+09        -2.916013e+09           0           0           0           0           0           0           
       0           0           0        -1e+10        2.6761547e+09        -7.1618039e+08           0           0           0           
       0           0           0        2.6761547e+09        -1.071618e+10        5.5439703e+09           0           0           0           
       0           0           0        -7.1618039e+08        5.5439703e+09        -2.916013e+09           0           0           0           
       0           0           0           0           0           0        -1e+10        2.6761547e+09        -7.1618039e+08           
       0           0           0           0           0           0        2.6761547e+09        -1.071618e+10        5.5439703e+09           
       0           0           0           0           0           0        -7.1618039e+08        5.5439703e+09        -2.916013e+09           
       
    key =        1       
    2e+10        2.21892e+09        3.112356e+09           0           0           0           0           0           0           
    2.21892e+09        2.3112356e+10        5.4191248e+09           0           0           0           0           0           0           
    3.112356e+09        5.4191248e+09        1.3074881e+10           0           0           0           0           0           0           
       0           0           0        2e+10        2.21892e+09        3.112356e+09           0           0           0           
       0           0           0        2.21892e+09        2.3112356e+10        5.4191248e+09           0           0           0           
       0           0           0        3.112356e+09        5.4191248e+09        1.3074881e+10           0           0           0           
       0           0           0           0           0           0        2e+10        2.21892e+09        3.112356e+09           
       0           0           0           0           0           0        2.21892e+09        2.3112356e+10        5.4191248e+09           
       0           0           0           0           0           0        3.112356e+09        5.4191248e+09        1.3074881e+10           
       
    New Column    Start Column =        0       
    key =        1       
    -1e+10        -4.8950746e+09        -2.3961756e+09           0           0           0           0           0           0           
    -4.8950746e+09        -1.2396176e+10        -1.0963095e+10           0           0           0           0           0           0           
    -2.3961756e+09        -1.0963095e+10        -1.0158868e+10           0           0           0           0           0           0           
       0           0           0        -1e+10        -4.8950746e+09        -2.3961756e+09           0           0           0           
       0           0           0        -4.8950746e+09        -1.2396176e+10        -1.0963095e+10           0           0           0           
       0           0           0        -2.3961756e+09        -1.0963095e+10        -1.0158868e+10           0           0           0           
       0           0           0           0           0           0        -1e+10        -4.8950746e+09        -2.3961756e+09           
       0           0           0           0           0           0        -4.8950746e+09        -1.2396176e+10        -1.0963095e+10           
       0           0           0           0           0           0        -2.3961756e+09        -1.0963095e+10        -1.0158868e+10           
       
    key =        2       
    1e+10        4.8950746e+09        2.3961756e+09           0           0           0           0           0           0           
    4.8950746e+09        1.2396176e+10        1.0963095e+10           0           0           0           0           0           0           
    2.3961756e+09        1.0963095e+10        1.0158868e+10           0           0           0           0           0           0           
       0           0           0        1e+10        4.8950746e+09        2.3961756e+09           0           0           0           
       0           0           0        4.8950746e+09        1.2396176e+10        1.0963095e+10           0           0           0           
       0           0           0        2.3961756e+09        1.0963095e+10        1.0158868e+10           0           0           0           
       0           0           0           0           0           0        1e+10        4.8950746e+09        2.3961756e+09           
       0           0           0           0           0           0        4.8950746e+09        1.2396176e+10        1.0963095e+10           
       0           0           0           0           0           0        2.3961756e+09        1.0963095e+10        1.0158868e+10           
       


Normals spk matrix: 

Right hand side vector: 
( 0.0, 0.0, 0.0, 0.0, 0.0, 0.0, 1.043796159802633e-05, -4.685428292773142e-06, 1.760239832344554e-06, 3.314986258857056e-06, -2.154201243737607e-06, 9.155823334326418e-07, -6.478639493775291e-06, 2.543632340064139e-06, -8.974432639066238e-07, -4.725571401743324e-06, 1.002549527994671e-05, 2.098976480815134e-06, -5.451609927647084e-06, 2.574555922515537e-06, 7.923717386316816e-09, 1.293120731343409e-06, -5.886291085850599e-06, -1.132528208635874e-06, -5.712390196283001e-06, -5.340066987173567e-06, -3.859216313159687e-06, 2.136623668790028e-06, -4.203546787779296e-07, -9.235060508189585e-07, 5.185518762431882e-06, 3.342658745786461e-06, 2.029971472542498e-06 )

Test with 1 pointing segment...

BundlePolynomialContinuityConstraint status...

Number of position segements:  3
Number of position coefficients:  2

Number of pointing segements:  1
Number of pointing coefficients:  3

Number of constraint equations:  6

Normals ck matrix: 

Normals spk matrix: 
 New Column Start Column =  0 
 key =  0 
    1e+10        -2.8652808e+09           0           0           0           0           
    -2.8652808e+09        8.2098338e+08           0           0           0           0           
       0           0        1e+10        -2.8652808e+09           0           0           
       0           0        -2.8652808e+09        8.2098338e+08           0           0           
       0           0           0           0        1e+10        -2.8652808e+09           
       0           0           0           0        -2.8652808e+09        8.2098338e+08           
       
    New Column    Start Column =        0       
    key =        0       
    -1e+10        2.8652808e+09           0           0           0           0           
    2.8652808e+09        -8.2098338e+08           0           0           0           0           
       0           0        -1e+10        2.8652808e+09           0           0           
       0           0        2.8652808e+09        -8.2098338e+08           0           0           
       0           0           0           0        -1e+10        2.8652808e+09           
       0           0           0           0        2.8652808e+09        -8.2098338e+08           
       
    key =        1       
    2e+10        29486810           0           0           0           0           
    29486810        1.6589513e+09           0           0           0           0           
       0           0        2e+10        29486810           0           0           
       0           0        29486810        1.6589513e+09           0           0           
       0           0           0           0        2e+10        29486810           
       0           0           0           0        29486810        1.6589513e+09           
       
    New Column    Start Column =        0       
    key =        1       
    -1e+10        -2.8947676e+09           0           0           0           0           
    -2.8947676e+09        -8.3796793e+08           0           0           0           0           
       0           0        -1e+10        -2.8947676e+09           0           0           
       0           0        -2.8947676e+09        -8.3796793e+08           0           0           
       0           0           0           0        -1e+10        -2.8947676e+09           
       0           0           0           0        -2.8947676e+09        -8.3796793e+08           
       
    key =        2       
    1e+10        2.8947676e+09           0           0           0           0           
    2.8947676e+09        8.3796793e+08           0           0           0           0           
       0           0        1e+10        2.8947676e+09           0           0           
       0           0        2.8947676e+09        8.3796793e+08           0           0           
       0           0           0           0        1e+10        2.8947676e+09           
       0           0           0           0        2.8947676e+09        8.3796793e+08           
       


Right hand side vector: 
( -962223.811176721, 275704.137553514, 6315418.05086913, -1809544.58492919, 5078364.42654064, -1455093.98971284, -484716.507916372, -694559.729098507, -13914705.3109367, -390272.448734627, -34637353.8443573, -7101546.41535367, 1446940.31909309, 418855.591544993, 7599287.26006762, 2199817.03366382, 29558989.4178167, 8556640.40506651, 0.0, 0.0, 0.0, 0.0, 0.0, 0.0, 0.0, 0.0, 0.0 )

Test when not solving for twist...

BundlePolynomialContinuityConstraint status...

Number of position segements:  3
Number of position coefficients:  2

Number of pointing segements:  3
Number of pointing coefficients:  3

Number of constraint equations:  14

Normals ck matrix: 
 New Column Start Column =  0 
 key =  0 
    1e+10        -2.6761547e+09        7.1618039e+08           0           0           0           
    -2.6761547e+09        1.071618e+10        -5.5439703e+09           0           0           0           
    7.1618039e+08        -5.5439703e+09        2.916013e+09           0           0           0           
       0           0           0        1e+10        -2.6761547e+09        7.1618039e+08           
       0           0           0        -2.6761547e+09        1.071618e+10        -5.5439703e+09           
       0           0           0        7.1618039e+08        -5.5439703e+09        2.916013e+09           
       
    New Column    Start Column =        0       
    key =        0       
    -1e+10        2.6761547e+09        -7.1618039e+08           0           0           0           
    2.6761547e+09        -1.071618e+10        5.5439703e+09           0           0           0           
    -7.1618039e+08        5.5439703e+09        -2.916013e+09           0           0           0           
       0           0           0        -1e+10        2.6761547e+09        -7.1618039e+08           
       0           0           0        2.6761547e+09        -1.071618e+10        5.5439703e+09           
       0           0           0        -7.1618039e+08        5.5439703e+09        -2.916013e+09           
       
    key =        1       
    2e+10        2.21892e+09        3.112356e+09           0           0           0           
    2.21892e+09        2.3112356e+10        5.4191248e+09           0           0           0           
    3.112356e+09        5.4191248e+09        1.3074881e+10           0           0           0           
       0           0           0        2e+10        2.21892e+09        3.112356e+09           
       0           0           0        2.21892e+09        2.3112356e+10        5.4191248e+09           
       0           0           0        3.112356e+09        5.4191248e+09        1.3074881e+10           
       
    New Column    Start Column =        0       
    key =        1       
    -1e+10        -4.8950746e+09        -2.3961756e+09           0           0           0           
    -4.8950746e+09        -1.2396176e+10        -1.0963095e+10           0           0           0           
    -2.3961756e+09        -1.0963095e+10        -1.0158868e+10           0           0           0           
       0           0           0        -1e+10        -4.8950746e+09        -2.3961756e+09           
       0           0           0        -4.8950746e+09        -1.2396176e+10        -1.0963095e+10           
       0           0           0        -2.3961756e+09        -1.0963095e+10        -1.0158868e+10           
       
    key =        2       
    1e+10        4.8950746e+09        2.3961756e+09           0           0           0           
    4.8950746e+09        1.2396176e+10        1.0963095e+10           0           0           0           
    2.3961756e+09        1.0963095e+10        1.0158868e+10           0           0           0           
       0           0           0        1e+10        4.8950746e+09        2.3961756e+09           
       0           0           0        4.8950746e+09        1.2396176e+10        1.0963095e+10           
       0           0           0        2.3961756e+09        1.0963095e+10        1.0158868e+10           
       


Normals spk matrix: 
 New Column Start Column =  0 
 key =  0 
    1e+10        4.4883883e+09           0           0           0           0           
    4.4883883e+09        2.014563e+09           0           0           0           0           
       0           0        1e+10        4.4883883e+09           0           0           
       0           0        4.4883883e+09        2.014563e+09           0           0           
       0           0           0           0        1e+10        4.4883883e+09           
       0           0           0           0        4.4883883e+09        2.014563e+09           
       
    New Column    Start Column =        0       
    key =        0       
    -1e+10        -4.4883883e+09           0           0           0           0           
    -4.4883883e+09        -2.014563e+09           0           0           0           0           
       0           0        -1e+10        -4.4883883e+09           0           0           
       0           0        -4.4883883e+09        -2.014563e+09           0           0           
       0           0           0           0        -1e+10        -4.4883883e+09           
       0           0           0           0        -4.4883883e+09        -2.014563e+09           
       
    key =        1       
    2e+10        9.6970587e+09           0           0           0           0           
    9.6970587e+09        4.7275876e+09           0           0           0           0           
       0           0        2e+10        9.6970587e+09           0           0           
       0           0        9.6970587e+09        4.7275876e+09           0           0           
       0           0           0           0        2e+10        9.6970587e+09           
       0           0           0           0        9.6970587e+09        4.7275876e+09           
       
    New Column    Start Column =        0       
    key =        1       
    -1e+10        -5.2086704e+09           0           0           0           0           
    -5.2086704e+09        -2.7130247e+09           0           0           0           0           
       0           0        -1e+10        -5.2086704e+09           0           0           
       0           0        -5.2086704e+09        -2.7130247e+09           0           0           
       0           0           0           0        -1e+10        -5.2086704e+09           
       0           0           0           0        -5.2086704e+09        -2.7130247e+09           
       
    key =        2       
    1e+10        5.2086704e+09           0           0           0           0           
    5.2086704e+09        2.7130247e+09           0           0           0           0           
       0           0        1e+10        5.2086704e+09           0           0           
       0           0        5.2086704e+09        2.7130247e+09           0           0           
       0           0           0           0        1e+10        5.2086704e+09           
       0           0           0           0        5.2086704e+09        2.7130247e+09           
       


Right hand side vector: 
( 6014082968.31051, 2699353968.30225, -19168169011.8161, -8603418569.34332, 29195353677.1936, 13104008411.5533, -34938159338.1645, -17764951882.2873, 112463697476.694, 57197983908.326, -157979881524.378, -80183623652.4487, 28924076369.854, 15065597913.985, -93295528464.8779, -48594565338.9827, 128784527847.184, 67079615240.8954, 1.043796159802633e-05, -4.685428292773142e-06, 1.760239832344554e-06, 3.314986258857056e-06, -2.154201243737607e-06, 9.155823334326418e-07, -4.725571401743324e-06, 1.002549527994671e-05, 2.098976480815134e-06, -5.451609927647084e-06, 2.574555922515537e-06, 7.923717386316816e-09, -5.712390196283001e-06, -5.340066987173567e-06, -3.859216313159687e-06, 2.136623668790028e-06, -4.203546787779296e-07, -9.235060508189585e-07 )

Test when not solving for pointing...

BundlePolynomialContinuityConstraint status...

Number of position segements:  3
Number of position coefficients:  2

Number of pointing segements:  0
Number of pointing coefficients:  0

Number of constraint equations:  6

Normals ck matrix: 

Normals spk matrix: 
 New Column Start Column =  0 
 key =  0 
    1e+10        5.15749e+09           0           0           0           0           
    5.15749e+09        2.6599703e+09           0           0           0           0           
       0           0        1e+10        5.15749e+09           0           0           
       0           0        5.15749e+09        2.6599703e+09           0           0           
       0           0           0           0        1e+10        5.15749e+09           
       0           0           0           0        5.15749e+09        2.6599703e+09           
       
    New Column    Start Column =        0       
    key =        0       
    -1e+10        -5.15749e+09           0           0           0           0           
    -5.15749e+09        -2.6599703e+09           0           0           0           0           
       0           0        -1e+10        -5.15749e+09           0           0           
       0           0        -5.15749e+09        -2.6599703e+09           0           0           
       0           0           0           0        -1e+10        -5.15749e+09           
       0           0           0           0        -5.15749e+09        -2.6599703e+09           
       
    key =        1       
    2e+10        1.0664291e+10           0           0           0           0           
    1.0664291e+10        5.6924565e+09           0           0           0           0           
       0           0        2e+10        1.0664291e+10           0           0           
       0           0        1.0664291e+10        5.6924565e+09           0           0           
       0           0           0           0        2e+10        1.0664291e+10           
       0           0           0           0        1.0664291e+10        5.6924565e+09           
       
    New Column    Start Column =        0       
    key =        1       
    -1e+10        -5.5068015e+09           0           0           0           0           
    -5.5068015e+09        -3.0324862e+09           0           0           0           0           
       0           0        -1e+10        -5.5068015e+09           0           0           
       0           0        -5.5068015e+09        -3.0324862e+09           0           0           
       0           0           0           0        -1e+10        -5.5068015e+09           
       0           0           0           0        -5.5068015e+09        -3.0324862e+09           
       
    key =        2       
    1e+10        5.5068015e+09           0           0           0           0           
    5.5068015e+09        3.0324862e+09           0           0           0           0           
       0           0        1e+10        5.5068015e+09           0           0           
       0           0        5.5068015e+09        3.0324862e+09           0           0           
       0           0           0           0        1e+10        5.5068015e+09           
       0           0           0           0        5.5068015e+09        3.0324862e+09           
       


Right hand side vector: 
( 282747820487.613, 145826904900.22, -42454544745.4608, -21895888882.5447, -1524043060923.33, -786023680486.137, -1351204361991.97, -734204710838.685, 107388634408.478, 57653802959.9342, 7571009271180.71, 4115967925448.93, 1068456541504.35, 588377805938.465, -64934089663.0168, -35757914077.3895, -6046966210257.38, -3329944244962.8 )

Test when not solving for position...

BundlePolynomialContinuityConstraint status...

Number of position segements:  3
Number of position coefficients:  2

Number of pointing segements:  0
Number of pointing coefficients:  0

Number of constraint equations:  6

Normals ck matrix: 

Normals spk matrix: 
 New Column Start Column =  0 
 key =  0 
    1e+10        4.8733077e+09           0           0           0           0           
    4.8733077e+09        2.3749128e+09           0           0           0           0           
       0           0        1e+10        4.8733077e+09           0           0           
       0           0        4.8733077e+09        2.3749128e+09           0           0           
       0           0           0           0        1e+10        4.8733077e+09           
       0           0           0           0        4.8733077e+09        2.3749128e+09           
       
    New Column    Start Column =        0       
    key =        0       
    -1e+10        -4.8733077e+09           0           0           0           0           
    -4.8733077e+09        -2.3749128e+09           0           0           0           0           
       0           0        -1e+10        -4.8733077e+09           0           0           
       0           0        -4.8733077e+09        -2.3749128e+09           0           0           
       0           0           0           0        -1e+10        -4.8733077e+09           
       0           0           0           0        -4.8733077e+09        -2.3749128e+09           
       
    key =        1       
    2e+10        9.8913149e+09           0           0           0           0           
    9.8913149e+09        4.8929524e+09           0           0           0           0           
